---
build/images/code/mae-4fc19da2.jpg: 2016-08-18 16:59:04.566734912 -05:00
build/images/code/iamsafety-0f24d3d4.jpg: 2016-08-18 16:59:04.502735148 -05:00
build/images/code/critical-1c32af4c.jpg: 2016-08-18 16:59:04.518735089 -05:00
build/images/code/s4e-393b2473.jpg: 2016-08-18 16:59:04.506735134 -05:00
build/images/code/axiom-d7ef1dc5.jpg: 2016-08-18 16:59:04.694734438 -05:00
build/images/code/distill-ff784088.jpg: 2016-08-18 16:59:04.706734393 -05:00
build/images/bg-36a67592.jpg: 2016-08-18 16:59:05.762730486 -05:00
build/images/photos/thumb7-b80c1379.jpg: 2016-08-18 16:59:04.738734275 -05:00
build/images/photos/thumb10-66eccd46.jpg: 2016-08-18 16:59:04.858733831 -05:00
build/images/photos/thumb11-ff3d8e25.jpg: 2016-08-18 16:59:04.866733802 -05:00
build/images/photos/thumb3-1d884eba.jpg: 2016-08-18 16:59:04.902733668 -05:00
build/images/photos/photo3-dc3bf814.jpg: 2016-08-18 16:59:06.638727243 -05:00
build/images/photos/photo7-2226ace1.jpg: 2016-08-18 16:59:06.906726252 -05:00
build/images/photos/thumb8-e4f0cfc7.jpg: 2016-08-18 16:59:05.066733061 -05:00
build/images/photos/photo1-00c8d2b1.jpg: 2016-08-18 16:59:06.706726992 -05:00
build/images/photos/thumb1-d770e0fa.jpg: 2016-08-18 16:59:05.950729790 -05:00
build/images/photos/photo6-b9533361.jpg: 2016-08-18 16:59:07.786722996 -05:00
build/images/photos/thumb2-40c4f721.jpg: 2016-08-18 16:59:06.858726430 -05:00
build/images/photos/photo11-6e3cb673.jpg: 2016-08-18 16:59:08.674719709 -05:00
build/images/photos/thumb5-12bf70a1.jpg: 2016-08-18 16:59:07.018725838 -05:00
build/images/photos/photo4-c9ef5a06.jpg: 2016-08-18 16:59:08.834719117 -05:00
build/images/photos/thumb12-f561ba79.jpg: 2016-08-18 16:59:07.238725023 -05:00
build/images/photos/thumb4-a9618ad8.jpg: 2016-08-18 16:59:07.430724313 -05:00
build/images/photos/thumb9-44bb99fb.jpg: 2016-08-18 16:59:07.606723662 -05:00
build/images/photos/photo8-13d5ca8a.jpg: 2016-08-18 16:59:09.794715565 -05:00
build/images/photos/photo12-24b666de.jpg: 2016-08-18 16:59:10.146714262 -05:00
build/images/photos/photo10-489ef29a.jpg: 2016-08-18 16:59:10.682712278 -05:00
build/images/photos/photo2-7b5c297a.jpg: 2016-08-18 16:59:10.638712441 -05:00
build/images/photos/photo5-b83e0742.jpg: 2016-08-18 16:59:11.758708297 -05:00
build/images/photos/thumb6-9d0436ab.jpg: 2016-08-18 16:59:10.314713640 -05:00
build/images/photos/photo9-5f27adf4.jpg: 2016-08-18 16:59:12.006707379 -05:00
