---
build/images/code/mae-4fc19da2.jpg: 2016-08-18 18:24:36.779548075 -05:00
build/images/code/iamsafety-0f24d3d4.jpg: 2016-08-18 18:24:36.755548169 -05:00
build/images/code/critical-1c32af4c.jpg: 2016-08-18 18:24:36.755548169 -05:00
build/images/code/s4e-393b2473.jpg: 2016-08-18 18:24:36.735548247 -05:00
build/images/code/axiom-d7ef1dc5.jpg: 2016-08-18 18:24:37.087546867 -05:00
build/images/code/distill-ff784088.jpg: 2016-08-18 18:24:37.063546961 -05:00
build/images/bg-36a67592.jpg: 2016-08-18 18:24:38.143542727 -05:00
build/images/photos/thumb7-b80c1379.jpg: 2016-08-18 18:24:37.083546882 -05:00
build/images/photos/thumb10-66eccd46.jpg: 2016-08-18 18:24:37.327545926 -05:00
build/images/photos/thumb11-ff3d8e25.jpg: 2016-08-18 18:24:37.323545942 -05:00
build/images/photos/thumb3-1d884eba.jpg: 2016-08-18 18:24:37.367545769 -05:00
build/images/photos/photo3-dc3bf814.jpg: 2016-08-18 18:24:39.399537805 -05:00
build/images/photos/photo7-2226ace1.jpg: 2016-08-18 18:24:39.807536206 -05:00
build/images/photos/thumb8-e4f0cfc7.jpg: 2016-08-18 18:24:37.627544750 -05:00
build/images/photos/photo1-00c8d2b1.jpg: 2016-08-18 18:24:39.563537161 -05:00
build/images/photos/thumb1-d770e0fa.jpg: 2016-08-18 18:24:38.419541645 -05:00
build/images/photos/photo6-b9533361.jpg: 2016-08-18 18:24:40.539533337 -05:00
build/images/photos/thumb2-40c4f721.jpg: 2016-08-18 18:24:39.703536612 -05:00
build/images/photos/photo11-6e3cb673.jpg: 2016-08-18 18:24:42.107527192 -05:00
build/images/photos/thumb5-12bf70a1.jpg: 2016-08-18 18:24:39.903535828 -05:00
build/images/photos/photo4-c9ef5a06.jpg: 2016-08-18 18:24:42.063527364 -05:00
build/images/photos/thumb12-f561ba79.jpg: 2016-08-18 18:24:40.215534606 -05:00
build/images/photos/thumb4-a9618ad8.jpg: 2016-08-18 18:24:40.527533383 -05:00
build/images/photos/thumb9-44bb99fb.jpg: 2016-08-18 18:24:40.807532286 -05:00
build/images/photos/photo8-13d5ca8a.jpg: 2016-08-18 18:24:42.951523884 -05:00
build/images/photos/photo12-24b666de.jpg: 2016-08-18 18:24:43.823520467 -05:00
build/images/photos/photo10-489ef29a.jpg: 2016-08-18 18:24:44.375518303 -05:00
build/images/photos/photo2-7b5c297a.jpg: 2016-08-18 18:24:44.319518523 -05:00
build/images/photos/photo5-b83e0742.jpg: 2016-08-18 18:24:44.991515890 -05:00
build/images/photos/thumb6-9d0436ab.jpg: 2016-08-18 18:24:44.035519635 -05:00
build/images/photos/photo9-5f27adf4.jpg: 2016-08-18 18:24:45.763512865 -05:00
