---
build/images/code/mae-4fc19da2.jpg: 2016-08-18 19:14:42.211918697 -05:00
build/images/code/iamsafety-0f24d3d4.jpg: 2016-08-18 19:14:42.183918778 -05:00
build/images/code/critical-1c32af4c.jpg: 2016-08-18 19:14:42.187918766 -05:00
build/images/code/s4e-393b2473.jpg: 2016-08-18 19:14:42.171918812 -05:00
build/images/code/axiom-d7ef1dc5.jpg: 2016-08-18 19:14:42.351918296 -05:00
build/images/code/distill-ff784088.jpg: 2016-08-18 19:14:42.407918136 -05:00
build/images/bg-36a67592.jpg: 2016-08-18 19:14:43.471915088 -05:00
build/images/photos/thumb7-b80c1379.jpg: 2016-08-18 19:14:42.387918193 -05:00
build/images/photos/thumb10-66eccd46.jpg: 2016-08-18 19:14:42.507917849 -05:00
build/images/photos/thumb11-ff3d8e25.jpg: 2016-08-18 19:14:42.595917598 -05:00
build/images/photos/thumb3-1d884eba.jpg: 2016-08-18 19:14:42.579917643 -05:00
build/images/photos/photo3-dc3bf814.jpg: 2016-08-18 19:14:44.307912693 -05:00
build/images/photos/photo7-2226ace1.jpg: 2016-08-18 19:14:44.511912108 -05:00
build/images/photos/thumb8-e4f0cfc7.jpg: 2016-08-18 19:14:42.771917093 -05:00
build/images/photos/photo1-00c8d2b1.jpg: 2016-08-18 19:14:44.403912418 -05:00
build/images/photos/thumb1-d770e0fa.jpg: 2016-08-18 19:14:43.647914584 -05:00
build/images/photos/photo6-b9533361.jpg: 2016-08-18 19:14:45.467909369 -05:00
build/images/photos/thumb2-40c4f721.jpg: 2016-08-18 19:14:44.503912131 -05:00
build/images/photos/photo11-6e3cb673.jpg: 2016-08-18 19:14:46.375906767 -05:00
build/images/photos/thumb5-12bf70a1.jpg: 2016-08-18 19:14:44.659911684 -05:00
build/images/photos/photo4-c9ef5a06.jpg: 2016-08-18 19:14:46.479906470 -05:00
build/images/photos/thumb12-f561ba79.jpg: 2016-08-18 19:14:44.855911123 -05:00
build/images/photos/thumb4-a9618ad8.jpg: 2016-08-18 19:14:45.031910618 -05:00
build/images/photos/thumb9-44bb99fb.jpg: 2016-08-18 19:14:45.207910114 -05:00
build/images/photos/photo8-13d5ca8a.jpg: 2016-08-18 19:14:47.319904061 -05:00
build/images/photos/photo12-24b666de.jpg: 2016-08-18 19:14:47.799902686 -05:00
build/images/photos/photo10-489ef29a.jpg: 2016-08-18 19:14:48.355901093 -05:00
build/images/photos/photo2-7b5c297a.jpg: 2016-08-18 19:14:48.275901323 -05:00
build/images/photos/photo5-b83e0742.jpg: 2016-08-18 19:14:49.291898411 -05:00
build/images/photos/thumb6-9d0436ab.jpg: 2016-08-18 19:14:47.959902228 -05:00
build/images/photos/photo9-5f27adf4.jpg: 2016-08-18 19:14:49.659897356 -05:00
