---
build/images/code/mae-4fc19da2.jpg: 2016-08-18 19:30:58.303516442 -05:00
build/images/code/iamsafety-0f24d3d4.jpg: 2016-08-18 19:30:58.271516566 -05:00
build/images/code/critical-1c32af4c.jpg: 2016-08-18 19:30:58.307516426 -05:00
build/images/code/s4e-393b2473.jpg: 2016-08-18 19:30:58.287516505 -05:00
build/images/code/axiom-d7ef1dc5.jpg: 2016-08-18 19:30:58.543515506 -05:00
build/images/code/distill-ff784088.jpg: 2016-08-18 19:30:58.507515647 -05:00
build/images/close.png: 2016-08-18 19:30:26.259641932 -05:00
build/images/next.png: 2016-08-18 19:30:28.679632413 -05:00
build/images/prev.png: 2016-08-18 19:30:28.715632272 -05:00
build/images/bg-36a67592.jpg: 2016-08-18 19:30:59.619511312 -05:00
build/images/loading-cf720b50.gif: 2016-08-18 19:30:26.279641853 -05:00
build/images/photos/thumb7-b80c1379.jpg: 2016-08-18 19:30:58.623515194 -05:00
build/images/photos/thumb10-66eccd46.jpg: 2016-08-18 19:30:58.687514945 -05:00
build/images/photos/thumb11-ff3d8e25.jpg: 2016-08-18 19:30:58.731514773 -05:00
build/images/photos/thumb3-1d884eba.jpg: 2016-08-18 19:30:58.791514540 -05:00
build/images/photos/photo3-dc3bf814.jpg: 2016-08-18 19:31:00.491507916 -05:00
build/images/photos/photo7-2226ace1.jpg: 2016-08-18 19:31:00.679507183 -05:00
build/images/photos/thumb8-e4f0cfc7.jpg: 2016-08-18 19:30:58.967513854 -05:00
build/images/photos/photo1-00c8d2b1.jpg: 2016-08-18 19:31:00.651507293 -05:00
build/images/photos/thumb1-d770e0fa.jpg: 2016-08-18 19:30:59.787510658 -05:00
build/images/photos/photo6-b9533361.jpg: 2016-08-18 19:31:01.643503428 -05:00
build/images/photos/thumb2-40c4f721.jpg: 2016-08-18 19:31:00.699507105 -05:00
build/images/photos/photo11-6e3cb673.jpg: 2016-08-18 19:31:02.743499144 -05:00
build/images/photos/thumb5-12bf70a1.jpg: 2016-08-18 19:31:00.847506528 -05:00
build/images/photos/photo4-c9ef5a06.jpg: 2016-08-18 19:31:02.643499534 -05:00
build/images/photos/thumb12-f561ba79.jpg: 2016-08-18 19:31:01.079505625 -05:00
build/images/photos/thumb4-a9618ad8.jpg: 2016-08-18 19:31:01.279504847 -05:00
build/images/photos/thumb9-44bb99fb.jpg: 2016-08-18 19:31:01.459504145 -05:00
build/images/photos/photo8-13d5ca8a.jpg: 2016-08-18 19:31:03.587495859 -05:00
build/images/photos/photo12-24b666de.jpg: 2016-08-18 19:31:04.071493976 -05:00
build/images/photos/photo10-489ef29a.jpg: 2016-08-18 19:31:04.675491625 -05:00
build/images/photos/photo2-7b5c297a.jpg: 2016-08-18 19:31:04.559492076 -05:00
build/images/photos/photo5-b83e0742.jpg: 2016-08-18 19:31:05.583488091 -05:00
build/images/photos/thumb6-9d0436ab.jpg: 2016-08-18 19:31:04.283493150 -05:00
build/images/photos/photo9-5f27adf4.jpg: 2016-08-18 19:31:05.955486644 -05:00
