---
build/images/code/mae-4fc19da2.jpg: 2016-08-21 14:28:18.555514256 -05:00
build/images/code/iamsafety-0f24d3d4.jpg: 2016-08-21 14:28:18.543514323 -05:00
build/images/code/critical-1c32af4c.jpg: 2016-08-21 14:28:18.523514435 -05:00
build/images/code/s4e-393b2473.jpg: 2016-08-21 14:28:18.499514569 -05:00
build/images/code/axiom-d7ef1dc5.jpg: 2016-08-21 14:28:18.739513227 -05:00
build/images/code/distill-ff784088.jpg: 2016-08-21 14:28:18.771513048 -05:00
build/images/close.png: 2016-08-18 19:30:26.259641932 -05:00
build/images/next.png: 2016-08-18 19:30:28.679632413 -05:00
build/images/prev.png: 2016-08-18 19:30:28.715632272 -05:00
build/images/bg-36a67592.jpg: 2016-08-21 14:28:19.943506495 -05:00
build/images/loading-cf720b50.gif: 2016-08-18 19:30:26.279641853 -05:00
build/images/photos/thumb7-b80c1379.jpg: 2016-08-21 14:28:18.823512757 -05:00
build/images/photos/thumb10-66eccd46.jpg: 2016-08-21 14:28:18.959511997 -05:00
build/images/photos/thumb11-ff3d8e25.jpg: 2016-08-21 14:28:18.963511974 -05:00
build/images/photos/thumb3-1d884eba.jpg: 2016-08-21 14:28:19.039511550 -05:00
build/images/photos/photo3-dc3bf814.jpg: 2016-08-21 14:28:20.935500947 -05:00
build/images/photos/photo7-2226ace1.jpg: 2016-08-21 14:28:21.075500164 -05:00
build/images/photos/thumb8-e4f0cfc7.jpg: 2016-08-21 14:28:19.287510163 -05:00
build/images/photos/photo1-00c8d2b1.jpg: 2016-08-21 14:28:21.015500500 -05:00
build/images/photos/thumb1-d770e0fa.jpg: 2016-08-21 14:28:20.159505287 -05:00
build/images/photos/photo6-b9533361.jpg: 2016-08-21 14:28:21.963495199 -05:00
build/images/photos/thumb2-40c4f721.jpg: 2016-08-21 14:28:21.143499784 -05:00
build/images/photos/photo11-6e3cb673.jpg: 2016-08-21 14:28:22.983489495 -05:00
build/images/photos/thumb5-12bf70a1.jpg: 2016-08-21 14:28:21.239499248 -05:00
build/images/photos/photo4-c9ef5a06.jpg: 2016-08-21 14:28:23.091488891 -05:00
build/images/photos/thumb12-f561ba79.jpg: 2016-08-21 14:28:21.415498263 -05:00
build/images/photos/thumb4-a9618ad8.jpg: 2016-08-21 14:28:21.615497145 -05:00
build/images/photos/thumb9-44bb99fb.jpg: 2016-08-21 14:28:21.815496027 -05:00
build/images/photos/photo8-13d5ca8a.jpg: 2016-08-21 14:28:23.935484171 -05:00
build/images/photos/photo12-24b666de.jpg: 2016-08-21 14:28:24.275482270 -05:00
build/images/photos/photo10-489ef29a.jpg: 2016-08-21 14:28:24.943478534 -05:00
build/images/photos/photo2-7b5c297a.jpg: 2016-08-21 14:28:24.903478758 -05:00
build/images/photos/photo5-b83e0742.jpg: 2016-08-21 14:28:25.919473076 -05:00
build/images/photos/thumb6-9d0436ab.jpg: 2016-08-21 14:28:24.427481420 -05:00
build/images/photos/photo9-5f27adf4.jpg: 2016-08-21 14:28:26.095472092 -05:00
