---
build/images/code/mae-4fc19da2.jpg: 2016-08-18 18:24:06.287667688 -05:00
build/images/code/iamsafety-0f24d3d4.jpg: 2016-08-18 18:24:06.243667861 -05:00
build/images/code/critical-1c32af4c.jpg: 2016-08-18 18:24:06.259667799 -05:00
build/images/code/s4e-393b2473.jpg: 2016-08-18 18:24:06.243667861 -05:00
build/images/code/axiom-d7ef1dc5.jpg: 2016-08-18 18:24:06.435667109 -05:00
build/images/code/distill-ff784088.jpg: 2016-08-18 18:24:06.439667092 -05:00
build/images/bg-36a67592.jpg: 2016-08-18 18:24:07.563662679 -05:00
build/images/photos/thumb7-b80c1379.jpg: 2016-08-18 18:24:06.451667046 -05:00
build/images/photos/thumb10-66eccd46.jpg: 2016-08-18 18:24:06.627666354 -05:00
build/images/photos/thumb11-ff3d8e25.jpg: 2016-08-18 18:24:06.607666433 -05:00
build/images/photos/thumb3-1d884eba.jpg: 2016-08-18 18:24:06.635666322 -05:00
build/images/photos/photo3-dc3bf814.jpg: 2016-08-18 18:24:08.423659304 -05:00
build/images/photos/photo7-2226ace1.jpg: 2016-08-18 18:24:08.611658566 -05:00
build/images/photos/thumb8-e4f0cfc7.jpg: 2016-08-18 18:24:06.867665413 -05:00
build/images/photos/photo1-00c8d2b1.jpg: 2016-08-18 18:24:08.487659053 -05:00
build/images/photos/thumb1-d770e0fa.jpg: 2016-08-18 18:24:07.751661941 -05:00
build/images/photos/photo6-b9533361.jpg: 2016-08-18 18:24:09.587654736 -05:00
build/images/photos/thumb2-40c4f721.jpg: 2016-08-18 18:24:08.607658582 -05:00
build/images/photos/photo11-6e3cb673.jpg: 2016-08-18 18:24:10.487651203 -05:00
build/images/photos/thumb5-12bf70a1.jpg: 2016-08-18 18:24:08.771657938 -05:00
build/images/photos/photo4-c9ef5a06.jpg: 2016-08-18 18:24:10.539650998 -05:00
build/images/photos/thumb12-f561ba79.jpg: 2016-08-18 18:24:08.935657294 -05:00
build/images/photos/thumb4-a9618ad8.jpg: 2016-08-18 18:24:09.115656587 -05:00
build/images/photos/thumb9-44bb99fb.jpg: 2016-08-18 18:24:09.311655819 -05:00
build/images/photos/photo8-13d5ca8a.jpg: 2016-08-18 18:24:11.491647262 -05:00
build/images/photos/photo12-24b666de.jpg: 2016-08-18 18:24:11.963645410 -05:00
build/images/photos/photo10-489ef29a.jpg: 2016-08-18 18:24:12.591642946 -05:00
build/images/photos/photo2-7b5c297a.jpg: 2016-08-18 18:24:12.431643573 -05:00
build/images/photos/photo5-b83e0742.jpg: 2016-08-18 18:24:13.583639052 -05:00
build/images/photos/thumb6-9d0436ab.jpg: 2016-08-18 18:24:12.239644327 -05:00
build/images/photos/photo9-5f27adf4.jpg: 2016-08-18 18:24:13.939637654 -05:00
