---
build/images/code/mae-4fc19da2.jpg: 2016-08-18 19:21:49.289901168 -05:00
build/images/code/iamsafety-0f24d3d4.jpg: 2016-08-18 19:21:49.337900929 -05:00
build/images/code/critical-1c32af4c.jpg: 2016-08-18 19:21:49.333900949 -05:00
build/images/code/s4e-393b2473.jpg: 2016-08-18 19:21:49.293901149 -05:00
build/images/code/axiom-d7ef1dc5.jpg: 2016-08-18 19:21:49.485900193 -05:00
build/images/code/distill-ff784088.jpg: 2016-08-18 19:21:49.541899914 -05:00
build/images/bg-36a67592.jpg: 2016-08-18 19:21:50.769893804 -05:00
build/images/photos/thumb7-b80c1379.jpg: 2016-08-18 19:21:49.537899934 -05:00
build/images/photos/thumb10-66eccd46.jpg: 2016-08-18 19:21:49.685899197 -05:00
build/images/photos/thumb11-ff3d8e25.jpg: 2016-08-18 19:21:49.749898879 -05:00
build/images/photos/thumb3-1d884eba.jpg: 2016-08-18 19:21:49.785898699 -05:00
build/images/photos/photo3-dc3bf814.jpg: 2016-08-18 19:21:51.713889110 -05:00
build/images/photos/photo7-2226ace1.jpg: 2016-08-18 19:21:52.009887638 -05:00
build/images/photos/thumb8-e4f0cfc7.jpg: 2016-08-18 19:21:49.993897664 -05:00
build/images/photos/photo1-00c8d2b1.jpg: 2016-08-18 19:21:51.757888891 -05:00
build/images/photos/thumb1-d770e0fa.jpg: 2016-08-18 19:21:50.977892769 -05:00
build/images/photos/photo6-b9533361.jpg: 2016-08-18 19:21:53.141882015 -05:00
build/images/photos/thumb2-40c4f721.jpg: 2016-08-18 19:21:51.965887857 -05:00
build/images/photos/photo11-6e3cb673.jpg: 2016-08-18 19:21:54.189876812 -05:00
build/images/photos/thumb5-12bf70a1.jpg: 2016-08-18 19:21:52.173886823 -05:00
build/images/photos/photo4-c9ef5a06.jpg: 2016-08-18 19:21:54.201876752 -05:00
build/images/photos/thumb12-f561ba79.jpg: 2016-08-18 19:21:52.529885055 -05:00
build/images/photos/thumb4-a9618ad8.jpg: 2016-08-18 19:21:52.873883346 -05:00
build/images/photos/thumb9-44bb99fb.jpg: 2016-08-18 19:21:53.081882312 -05:00
build/images/photos/photo8-13d5ca8a.jpg: 2016-08-18 19:21:55.385870878 -05:00
build/images/photos/photo12-24b666de.jpg: 2016-08-18 19:21:55.853868557 -05:00
build/images/photos/photo10-489ef29a.jpg: 2016-08-18 19:21:56.421865742 -05:00
build/images/photos/photo2-7b5c297a.jpg: 2016-08-18 19:21:56.121867228 -05:00
build/images/photos/photo5-b83e0742.jpg: 2016-08-18 19:21:57.405860867 -05:00
build/images/photos/thumb6-9d0436ab.jpg: 2016-08-18 19:21:56.005867803 -05:00
build/images/photos/photo9-5f27adf4.jpg: 2016-08-18 19:21:57.689859460 -05:00
