---
build/images/code/mae-4fc19da2.jpg: 2016-08-18 19:14:05.300024288 -05:00
build/images/code/iamsafety-0f24d3d4.jpg: 2016-08-18 19:14:05.280024345 -05:00
build/images/code/critical-1c32af4c.jpg: 2016-08-18 19:14:05.292024311 -05:00
build/images/code/s4e-393b2473.jpg: 2016-08-18 19:14:05.288024322 -05:00
build/images/code/axiom-d7ef1dc5.jpg: 2016-08-18 19:14:05.472023797 -05:00
build/images/code/distill-ff784088.jpg: 2016-08-18 19:14:05.468023808 -05:00
build/images/bg-36a67592.jpg: 2016-08-18 19:14:06.552020712 -05:00
build/images/photos/thumb7-b80c1379.jpg: 2016-08-18 19:14:05.472023797 -05:00
build/images/photos/thumb10-66eccd46.jpg: 2016-08-18 19:14:05.628023351 -05:00
build/images/photos/thumb11-ff3d8e25.jpg: 2016-08-18 19:14:05.648023294 -05:00
build/images/photos/thumb3-1d884eba.jpg: 2016-08-18 19:14:05.644023305 -05:00
build/images/photos/photo3-dc3bf814.jpg: 2016-08-18 19:14:07.420018232 -05:00
build/images/photos/photo7-2226ace1.jpg: 2016-08-18 19:14:07.600017718 -05:00
build/images/photos/thumb8-e4f0cfc7.jpg: 2016-08-18 19:14:05.824022791 -05:00
build/images/photos/photo1-00c8d2b1.jpg: 2016-08-18 19:14:07.480018060 -05:00
build/images/photos/thumb1-d770e0fa.jpg: 2016-08-18 19:14:06.744020163 -05:00
build/images/photos/photo6-b9533361.jpg: 2016-08-18 19:14:08.576014929 -05:00
build/images/photos/thumb2-40c4f721.jpg: 2016-08-18 19:14:07.668017523 -05:00
build/images/photos/photo11-6e3cb673.jpg: 2016-08-18 19:14:09.496012300 -05:00
build/images/photos/thumb5-12bf70a1.jpg: 2016-08-18 19:14:07.772017226 -05:00
build/images/photos/photo4-c9ef5a06.jpg: 2016-08-18 19:14:09.624011934 -05:00
build/images/photos/thumb12-f561ba79.jpg: 2016-08-18 19:14:07.980016632 -05:00
build/images/photos/thumb4-a9618ad8.jpg: 2016-08-18 19:14:08.164016106 -05:00
build/images/photos/thumb9-44bb99fb.jpg: 2016-08-18 19:14:08.348015580 -05:00
build/images/photos/photo8-13d5ca8a.jpg: 2016-08-18 19:14:10.468009522 -05:00
build/images/photos/photo12-24b666de.jpg: 2016-08-18 19:14:10.920008231 -05:00
build/images/photos/photo10-489ef29a.jpg: 2016-08-18 19:14:11.476006642 -05:00
build/images/photos/photo2-7b5c297a.jpg: 2016-08-18 19:14:11.408006836 -05:00
build/images/photos/photo5-b83e0742.jpg: 2016-08-18 19:14:12.428003921 -05:00
build/images/photos/thumb6-9d0436ab.jpg: 2016-08-18 19:14:11.068007808 -05:00
build/images/photos/photo9-5f27adf4.jpg: 2016-08-18 19:14:12.732003052 -05:00
