---
build/images/code/mae-4fc19da2.jpg: 2016-08-18 16:58:32.982851785 -05:00
build/images/code/iamsafety-0f24d3d4.jpg: 2016-08-18 16:58:32.950851903 -05:00
build/images/code/critical-1c32af4c.jpg: 2016-08-18 16:58:32.938851948 -05:00
build/images/code/s4e-393b2473.jpg: 2016-08-18 16:58:32.950851903 -05:00
build/images/code/axiom-d7ef1dc5.jpg: 2016-08-18 16:58:33.122851268 -05:00
build/images/code/distill-ff784088.jpg: 2016-08-18 16:58:33.154851149 -05:00
build/images/bg-36a67592.jpg: 2016-08-18 16:58:34.226847183 -05:00
build/images/photos/thumb7-b80c1379.jpg: 2016-08-18 16:58:33.146851179 -05:00
build/images/photos/thumb10-66eccd46.jpg: 2016-08-18 16:58:33.274850705 -05:00
build/images/photos/thumb11-ff3d8e25.jpg: 2016-08-18 16:58:33.318850541 -05:00
build/images/photos/thumb3-1d884eba.jpg: 2016-08-18 16:58:33.326850513 -05:00
build/images/photos/photo3-dc3bf814.jpg: 2016-08-18 16:58:35.054844119 -05:00
build/images/photos/photo7-2226ace1.jpg: 2016-08-18 16:58:35.254843378 -05:00
build/images/photos/thumb8-e4f0cfc7.jpg: 2016-08-18 16:58:33.506849847 -05:00
build/images/photos/photo1-00c8d2b1.jpg: 2016-08-18 16:58:35.122843866 -05:00
build/images/photos/thumb1-d770e0fa.jpg: 2016-08-18 16:58:34.406846517 -05:00
build/images/photos/photo6-b9533361.jpg: 2016-08-18 16:58:36.246839708 -05:00
build/images/photos/thumb2-40c4f721.jpg: 2016-08-18 16:58:35.238843437 -05:00
build/images/photos/photo11-6e3cb673.jpg: 2016-08-18 16:58:37.138836406 -05:00
build/images/photos/thumb5-12bf70a1.jpg: 2016-08-18 16:58:35.390842875 -05:00
build/images/photos/photo4-c9ef5a06.jpg: 2016-08-18 16:58:37.238836036 -05:00
build/images/photos/thumb12-f561ba79.jpg: 2016-08-18 16:58:35.562842239 -05:00
build/images/photos/thumb4-a9618ad8.jpg: 2016-08-18 16:58:35.762841498 -05:00
build/images/photos/thumb9-44bb99fb.jpg: 2016-08-18 16:58:35.946840817 -05:00
build/images/photos/photo8-13d5ca8a.jpg: 2016-08-18 16:58:38.070832959 -05:00
build/images/photos/photo12-24b666de.jpg: 2016-08-18 16:58:38.558831152 -05:00
build/images/photos/photo10-489ef29a.jpg: 2016-08-18 16:58:39.106829125 -05:00
build/images/photos/photo2-7b5c297a.jpg: 2016-08-18 16:58:39.026829420 -05:00
build/images/photos/photo5-b83e0742.jpg: 2016-08-18 16:58:40.050825631 -05:00
build/images/photos/thumb6-9d0436ab.jpg: 2016-08-18 16:58:38.706830605 -05:00
build/images/photos/photo9-5f27adf4.jpg: 2016-08-18 16:58:40.398824344 -05:00
