---
build/images/code/mae-4fc19da2.jpg: 2016-08-18 19:30:28.651632523 -05:00
build/images/code/iamsafety-0f24d3d4.jpg: 2016-08-18 19:30:28.651632523 -05:00
build/images/code/critical-1c32af4c.jpg: 2016-08-18 19:30:28.663632477 -05:00
build/images/code/s4e-393b2473.jpg: 2016-08-18 19:30:28.639632571 -05:00
build/images/code/axiom-d7ef1dc5.jpg: 2016-08-18 19:30:28.847631753 -05:00
build/images/code/distill-ff784088.jpg: 2016-08-18 19:30:28.855631722 -05:00
build/images/close.png: 2016-08-18 19:30:26.259641932 -05:00
build/images/next.png: 2016-08-18 19:30:28.679632413 -05:00
build/images/prev.png: 2016-08-18 19:30:28.715632272 -05:00
build/images/bg-36a67592.jpg: 2016-08-18 19:30:29.987627272 -05:00
build/images/loading-cf720b50.gif: 2016-08-18 19:30:26.279641853 -05:00
build/images/photos/thumb7-b80c1379.jpg: 2016-08-18 19:30:28.927631439 -05:00
build/images/photos/thumb10-66eccd46.jpg: 2016-08-18 19:30:29.015631092 -05:00
build/images/photos/thumb11-ff3d8e25.jpg: 2016-08-18 19:30:29.067630888 -05:00
build/images/photos/thumb3-1d884eba.jpg: 2016-08-18 19:30:29.111630714 -05:00
build/images/photos/photo3-dc3bf814.jpg: 2016-08-18 19:30:30.819624003 -05:00
build/images/photos/photo7-2226ace1.jpg: 2016-08-18 19:30:31.055623075 -05:00
build/images/photos/thumb8-e4f0cfc7.jpg: 2016-08-18 19:30:29.279630055 -05:00
build/images/photos/photo1-00c8d2b1.jpg: 2016-08-18 19:30:30.923623594 -05:00
build/images/photos/thumb1-d770e0fa.jpg: 2016-08-18 19:30:30.163626581 -05:00
build/images/photos/photo6-b9533361.jpg: 2016-08-18 19:30:31.983619429 -05:00
build/images/photos/thumb2-40c4f721.jpg: 2016-08-18 19:30:31.031623170 -05:00
build/images/photos/photo11-6e3cb673.jpg: 2016-08-18 19:30:32.939615675 -05:00
build/images/photos/thumb5-12bf70a1.jpg: 2016-08-18 19:30:31.199622510 -05:00
build/images/photos/photo4-c9ef5a06.jpg: 2016-08-18 19:30:32.987615486 -05:00
build/images/photos/thumb12-f561ba79.jpg: 2016-08-18 19:30:31.395621739 -05:00
build/images/photos/thumb4-a9618ad8.jpg: 2016-08-18 19:30:31.559621095 -05:00
build/images/photos/thumb9-44bb99fb.jpg: 2016-08-18 19:30:31.755620325 -05:00
build/images/photos/photo8-13d5ca8a.jpg: 2016-08-18 19:30:33.867612032 -05:00
build/images/photos/photo12-24b666de.jpg: 2016-08-18 19:30:34.355610115 -05:00
build/images/photos/photo10-489ef29a.jpg: 2016-08-18 19:30:34.939607823 -05:00
build/images/photos/photo2-7b5c297a.jpg: 2016-08-18 19:30:34.803608357 -05:00
build/images/photos/photo5-b83e0742.jpg: 2016-08-18 19:30:35.899604056 -05:00
build/images/photos/thumb6-9d0436ab.jpg: 2016-08-18 19:30:34.539609394 -05:00
build/images/photos/photo9-5f27adf4.jpg: 2016-08-18 19:30:36.223602785 -05:00
