---
build/images/code/mae-4fc19da2.jpg: 2016-08-18 19:22:22.889735655 -05:00
build/images/code/iamsafety-0f24d3d4.jpg: 2016-08-18 19:22:22.829735947 -05:00
build/images/code/critical-1c32af4c.jpg: 2016-08-18 19:22:22.829735947 -05:00
build/images/code/s4e-393b2473.jpg: 2016-08-18 19:22:22.849735849 -05:00
build/images/code/axiom-d7ef1dc5.jpg: 2016-08-18 19:22:23.029734971 -05:00
build/images/code/distill-ff784088.jpg: 2016-08-18 19:22:23.041734913 -05:00
build/images/bg-36a67592.jpg: 2016-08-18 19:22:24.121729652 -05:00
build/images/photos/thumb7-b80c1379.jpg: 2016-08-18 19:22:23.073734757 -05:00
build/images/photos/thumb10-66eccd46.jpg: 2016-08-18 19:22:23.189734192 -05:00
build/images/photos/thumb11-ff3d8e25.jpg: 2016-08-18 19:22:23.213734076 -05:00
build/images/photos/thumb3-1d884eba.jpg: 2016-08-18 19:22:23.261733841 -05:00
build/images/photos/photo3-dc3bf814.jpg: 2016-08-18 19:22:24.985725444 -05:00
build/images/photos/photo7-2226ace1.jpg: 2016-08-18 19:22:25.157724607 -05:00
build/images/photos/thumb8-e4f0cfc7.jpg: 2016-08-18 19:22:23.413733101 -05:00
build/images/photos/photo1-00c8d2b1.jpg: 2016-08-18 19:22:25.065725054 -05:00
build/images/photos/thumb1-d770e0fa.jpg: 2016-08-18 19:22:24.301728775 -05:00
build/images/photos/photo6-b9533361.jpg: 2016-08-18 19:22:26.117719936 -05:00
build/images/photos/thumb2-40c4f721.jpg: 2016-08-18 19:22:25.181724490 -05:00
build/images/photos/photo11-6e3cb673.jpg: 2016-08-18 19:22:27.033715480 -05:00
build/images/photos/thumb5-12bf70a1.jpg: 2016-08-18 19:22:25.317723828 -05:00
build/images/photos/photo4-c9ef5a06.jpg: 2016-08-18 19:22:27.133714995 -05:00
build/images/photos/thumb12-f561ba79.jpg: 2016-08-18 19:22:25.489722991 -05:00
build/images/photos/thumb4-a9618ad8.jpg: 2016-08-18 19:22:25.661722154 -05:00
build/images/photos/thumb9-44bb99fb.jpg: 2016-08-18 19:22:25.837721297 -05:00
build/images/photos/photo8-13d5ca8a.jpg: 2016-08-18 19:22:27.969710930 -05:00
build/images/photos/photo12-24b666de.jpg: 2016-08-18 19:22:28.513708289 -05:00
build/images/photos/photo10-489ef29a.jpg: 2016-08-18 19:22:28.989705976 -05:00
build/images/photos/photo2-7b5c297a.jpg: 2016-08-18 19:22:28.945706189 -05:00
build/images/photos/photo5-b83e0742.jpg: 2016-08-18 19:22:29.969701219 -05:00
build/images/photos/thumb6-9d0436ab.jpg: 2016-08-18 19:22:28.681707472 -05:00
build/images/photos/photo9-5f27adf4.jpg: 2016-08-18 19:22:30.357699335 -05:00
